14 13
15 14
15 15
16 15
16 16
17 16
17 17
17 18
17 19
18 18
18 19
18 20
19 20
19 21
19 22
19 23
20 27
20 28
20 29
20 30
21 29
21 30
21 31
21 32
21 33
22 32
22 33
22 34
23 39
24 20
24 39
24 40
24 41
24 42
24 43
25 19
25 42
25 43
25 44
25 45
26 47
26 48
27 49
29 52
29 53
29 55
29 57
29 58
30 58
30 59
30 60
30 61
31 61
31 62
31 63
31 64
32 62
32 63
32 64
32 65
32 66
33 65
33 66
33 67
33 68
33 69
34 70
34 71
34 72
35 73
35 74
35 75
35 76
36 75
36 76
36 77
36 78
36 79
37 78
37 79
41 90
41 95
42 96
43 96
44 96
